1 2 100 20 30 20 588.868287
1 2 100 20 30 70 669.224390
1 2 100 20 60 20 664.054558
1 2 100 20 60 70 609.833638
1 2 150 20 100 20 904.290053
1 2 150 20 100 70 1344.135656
1 2 150 20 30 20 813.932095
1 2 150 20 30 70 1010.002422
1 2 200 20 120 20 1203.799741
1 2 200 20 120 70 1701.696186
1 2 200 20 30 20 1192.605532
1 2 200 20 30 70 1196.599500
2 2 100 20 30 20 459.942655
2 2 100 20 30 70 723.792490
2 2 100 20 60 20 655.171515
2 2 100 20 60 70 675.208522
2 2 150 20 100 20 879.664636
2 2 150 20 100 70 835.993215
2 2 150 20 30 20 1039.478766
2 2 150 20 30 70 1143.215912
2 2 200 20 120 20 1188.734874
2 2 200 20 120 70 1394.142467
2 2 200 20 30 20 1318.973919
2 2 200 20 30 70 1050.433637
3 2 100 20 30 20 745.909078
3 2 100 20 30 70 657.571025
3 2 100 20 60 20 746.527684
3 2 100 20 60 70 733.174515
3 2 150 20 100 20 1126.884941
3 2 150 20 100 70 951.089989
3 2 150 20 30 20 899.489258
3 2 150 20 30 70 957.060812
3 2 200 20 120 20 1140.093917
3 2 200 20 120 70 1143.367197
3 2 200 20 30 20 1208.887517
3 2 200 20 30 70 1541.862973
4 2 100 20 30 20 620.866694
4 2 100 20 30 70 539.856029
4 2 100 20 60 20 722.010148
4 2 100 20 60 70 661.460391
4 2 150 20 100 20 852.096526
4 2 150 20 100 70 1238.300018
4 2 150 20 30 20 921.051941
4 2 150 20 30 70 1232.634488
4 2 200 20 120 20 1415.851590
4 2 200 20 120 70 1532.123758
4 2 200 20 30 20 1337.276135
4 2 200 20 30 70 1524.019988
5 2 100 20 30 20 729.547378
5 2 100 20 30 70 896.571150
5 2 100 20 60 20 528.196096
5 2 100 20 60 70 855.932906
5 2 150 20 100 20 1119.548217
5 2 150 20 100 70 1077.111477
5 2 150 20 30 20 775.254605
5 2 150 20 30 70 1063.947928
5 2 200 20 120 20 1358.035244
5 2 200 20 120 70 1009.459289
5 2 200 20 30 20 1195.763472
5 2 200 20 30 70 1145.503839
