1 2 100 20 30 20 583.487434
1 2 100 20 30 70 629.002874
1 2 100 20 60 20 629.620621
1 2 100 20 60 70 606.454320
1 2 150 20 100 20 893.518557
1 2 150 20 100 70 1263.798462
1 2 150 20 30 20 790.161133
1 2 150 20 30 70 946.929565
1 2 200 20 120 20 1183.042430
1 2 200 20 120 70 1649.267937
1 2 200 20 30 20 1148.301545
1 2 200 20 30 70 1098.044624
2 2 100 20 30 20 425.717966
2 2 100 20 30 70 650.929154
2 2 100 20 60 20 631.110603
2 2 100 20 60 70 649.068458
2 2 150 20 100 20 774.715710
2 2 150 20 100 70 833.238632
2 2 150 20 30 20 991.351886
2 2 150 20 30 70 1075.719667
2 2 200 20 120 20 1100.945210
2 2 200 20 120 70 1337.168109
2 2 200 20 30 20 1251.324462
2 2 200 20 30 70 1025.397760
3 2 100 20 30 20 687.744893
3 2 100 20 30 70 627.332027
3 2 100 20 60 20 725.103749
3 2 100 20 60 70 722.033536
3 2 150 20 100 20 1111.794510
3 2 150 20 100 70 912.297933
3 2 150 20 30 20 851.085225
3 2 150 20 30 70 929.722695
3 2 200 20 120 20 1132.996319
3 2 200 20 120 70 1126.310832
3 2 200 20 30 20 1115.387691
3 2 200 20 30 70 1467.609941
4 2 100 20 30 20 524.270776
4 2 100 20 30 70 531.188245
4 2 100 20 60 20 626.529227
4 2 100 20 60 70 657.703283
4 2 150 20 100 20 812.660589
4 2 150 20 100 70 1206.833191
4 2 150 20 30 20 855.028214
4 2 150 20 30 70 1170.744571
4 2 200 20 120 20 1399.225251
4 2 200 20 120 70 1500.576683
4 2 200 20 30 20 1261.123305
4 2 200 20 30 70 1462.369740
5 2 100 20 30 20 705.051229
5 2 100 20 30 70 771.820799
5 2 100 20 60 20 521.894551
5 2 100 20 60 70 818.248599
5 2 150 20 100 20 1063.017814
5 2 150 20 100 70 1040.170448
5 2 150 20 30 20 729.617101
5 2 150 20 30 70 1013.045865
5 2 200 20 120 20 1340.784415
5 2 200 20 120 70 951.763018
5 2 200 20 30 20 1164.340236
5 2 200 20 30 70 1122.856763
