1 2 100 20 30 20 18
1 2 100 20 30 70 404
1 2 100 20 60 20 444
1 2 100 20 60 70 88
1 2 150 20 100 20 4602
1 2 150 20 100 70 28538
1 2 150 20 30 20 92
1 2 150 20 30 70 448
1 2 200 20 120 20 42010
1 2 200 20 120 70 27046
1 2 200 20 30 20 42
1 2 200 20 30 70 181008
2 2 100 20 30 20 44
2 2 100 20 30 70 4340
2 2 100 20 60 20 1324
2 2 100 20 60 70 588
2 2 150 20 100 20 3064
2 2 150 20 100 70 192
2 2 150 20 30 20 32
2 2 150 20 30 70 124
2 2 200 20 120 20 97688
2 2 200 20 120 70 53786
2 2 200 20 30 20 120
2 2 200 20 30 70 38
3 2 100 20 30 20 224
3 2 100 20 30 70 260
3 2 100 20 60 20 206
3 2 100 20 60 70 20
3 2 150 20 100 20 584
3 2 150 20 100 70 8744
3 2 150 20 30 20 78
3 2 150 20 30 70 56
3 2 200 20 120 20 1834
3 2 200 20 120 70 5014
3 2 200 20 30 20 930
3 2 200 20 30 70 66
4 2 100 20 30 20 32
4 2 100 20 30 70 38
4 2 100 20 60 20 194
4 2 100 20 60 70 534
4 2 150 20 100 20 976
4 2 150 20 100 70 32124
4 2 150 20 30 20 188
4 2 150 20 30 70 98
4 2 200 20 120 20 5188
4 2 200 20 120 70 7736
4 2 200 20 30 20 48
4 2 200 20 30 70 262
5 2 100 20 30 20 30
5 2 100 20 30 70 210
5 2 100 20 60 20 226
5 2 100 20 60 70 1322
5 2 150 20 100 20 10376
5 2 150 20 100 70 2888
5 2 150 20 30 20 682
5 2 150 20 30 70 942
5 2 200 20 120 20 85978
5 2 200 20 120 70 8646
5 2 200 20 30 20 196
5 2 200 20 30 70 64
