1 2 100 20 30 20 589.000000
1 2 100 20 30 70 769.911528
1 2 100 20 60 20 691.000000
1 2 100 20 60 70 612.145738
1 2 150 20 100 20 921.273479
1 2 150 20 100 70 1377.072388
1 2 150 20 30 20 822.333333
1 2 150 20 30 70 1029.000000
1 2 200 20 120 20 1235.593203
1 2 200 20 120 70 1726.526853
1 2 200 20 30 20 1229.000000
1 2 200 20 30 70 1580.000000
2 2 100 20 30 20 488.000000
2 2 100 20 30 70 752.000000
2 2 100 20 60 20 666.995818
2 2 100 20 60 70 686.130259
2 2 150 20 100 20 923.772654
2 2 150 20 100 70 837.000000
2 2 150 20 30 20 1046.000000
2 2 150 20 30 70 1160.000000
2 2 200 20 120 20 1224.764683
2 2 200 20 120 70 1403.000000
2 2 200 20 30 20 1350.000000
2 2 200 20 30 70 1057.000000
3 2 100 20 30 20 771.000000
3 2 100 20 30 70 690.306012
3 2 100 20 60 20 756.780603
3 2 100 20 60 70 734.000000
3 2 150 20 100 20 1139.000000
3 2 150 20 100 70 972.779519
3 2 150 20 30 20 922.000000
3 2 150 20 30 70 965.000000
3 2 200 20 120 20 1145.969792
3 2 200 20 120 70 1144.989488
3 2 200 20 30 20 1451.000000
3 2 200 20 30 70 1577.000000
4 2 100 20 30 20 628.000000
4 2 100 20 30 70 543.000000
4 2 100 20 60 20 763.000000
4 2 100 20 60 70 665.868588
4 2 150 20 100 20 879.582356
4 2 150 20 100 70 1260.572420
4 2 150 20 30 20 992.000000
4 2 150 20 30 70 1242.000000
4 2 200 20 120 20 1426.000000
4 2 200 20 120 70 1542.000000
4 2 200 20 30 20 1345.000000
4 2 200 20 30 70 1535.000000
5 2 100 20 30 20 732.000000
5 2 100 20 30 70 930.000000
5 2 100 20 60 20 532.218697
5 2 100 20 60 70 984.588193
5 2 150 20 100 20 1158.383138
5 2 150 20 100 70 1087.084920
5 2 150 20 30 20 848.000000
5 2 150 20 30 70 1149.000000
5 2 200 20 120 20 1371.901959
5 2 200 20 120 70 1096.255705
5 2 200 20 30 20 1249.000000
5 2 200 20 30 70 1153.000000
