1 2 100 20 30 20 1.016538
1 2 100 20 30 70 5.928847
1 2 100 20 60 20 5.288055
1 2 100 20 60 70 1.296470
1 2 150 20 100 20 4.424645
1 2 150 20 100 70 26.748839
1 2 150 20 30 20 3.684243
1 2 150 20 30 70 24.655322
1 2 200 20 120 20 14.608487
1 2 200 20 120 70 13.900031
1 2 200 20 30 20 44.604571
1 2 200 20 30 70 126.630623
2 2 100 20 30 20 4.520268
2 2 100 20 30 70 4.714616
2 2 100 20 60 20 6.021585
2 2 100 20 60 70 6.384371
2 2 150 20 100 20 22.158449
2 2 150 20 100 70 4.862152
2 2 150 20 30 20 16.809267
2 2 150 20 30 70 23.080345
2 2 200 20 120 20 82.143432
2 2 200 20 120 70 14.872869
2 2 200 20 30 20 49.615765
2 2 200 20 30 70 12.969107
3 2 100 20 30 20 5.551187
3 2 100 20 30 70 9.354857
3 2 100 20 60 20 1.213508
3 2 100 20 60 70 1.212865
3 2 150 20 100 20 4.844486
3 2 150 20 100 70 27.111548
3 2 150 20 30 20 18.824030
3 2 150 20 30 70 5.107824
3 2 200 20 120 20 12.895496
3 2 200 20 120 70 15.172479
3 2 200 20 30 20 58.341339
3 2 200 20 30 70 76.181855
4 2 100 20 30 20 3.555906
4 2 100 20 30 70 1.787412
4 2 100 20 60 20 4.759087
4 2 100 20 60 70 1.208485
4 2 150 20 100 20 22.378782
4 2 150 20 100 70 14.159350
4 2 150 20 30 20 14.228877
4 2 150 20 30 70 24.489714
4 2 200 20 120 20 14.426781
4 2 200 20 120 70 13.966986
4 2 200 20 30 20 39.582050
4 2 200 20 30 70 15.659653
5 2 100 20 30 20 0.810998
5 2 100 20 30 70 4.804732
5 2 100 20 60 20 0.998108
5 2 100 20 60 70 7.247743
5 2 150 20 100 20 23.751395
5 2 150 20 100 70 5.212533
5 2 150 20 30 20 18.492449
5 2 150 20 30 70 24.691631
5 2 200 20 120 20 13.869443
5 2 200 20 120 70 87.884301
5 2 200 20 30 20 48.303952
5 2 200 20 30 70 14.396783
