1 2 100 20 30 20 0.017875
1 2 100 20 30 70 1.190621
1 2 100 20 60 20 1.012274
1 2 100 20 60 70 0.236485
1 2 150 20 100 20 16.120384
1 2 150 20 100 70 101.603921
1 2 150 20 30 20 0.202498
1 2 150 20 30 70 2.402589
1 2 200 20 120 20 283.355006
1 2 200 20 120 70 176.155285
1 2 200 20 30 20 0.850194
1 2 200 20 30 70 1546.324484
2 2 100 20 30 20 0.238601
2 2 100 20 30 70 5.701765
2 2 100 20 60 20 2.064700
2 2 100 20 60 70 0.729644
2 2 150 20 100 20 15.450291
2 2 150 20 100 70 0.539073
2 2 150 20 30 20 0.200062
2 2 150 20 30 70 0.964982
2 2 200 20 120 20 1017.497934
2 2 200 20 120 70 319.526972
2 2 200 20 30 20 1.170803
2 2 200 20 30 70 0.217360
3 2 100 20 30 20 0.545839
3 2 100 20 30 70 0.614458
3 2 100 20 60 20 0.349479
3 2 100 20 60 70 0.104906
3 2 150 20 100 20 2.324260
3 2 150 20 100 70 29.496079
3 2 150 20 30 20 0.357663
3 2 150 20 30 70 0.158966
3 2 200 20 120 20 11.194510
3 2 200 20 120 70 25.739362
3 2 200 20 30 20 22.068504
3 2 200 20 30 70 1.185583
4 2 100 20 30 20 0.083548
4 2 100 20 30 70 0.130864
4 2 100 20 60 20 0.370199
4 2 100 20 60 70 1.062288
4 2 150 20 100 20 4.843613
4 2 150 20 100 70 132.027202
4 2 150 20 30 20 1.596629
4 2 150 20 30 70 0.607261
4 2 200 20 120 20 31.687440
4 2 200 20 120 70 47.073084
4 2 200 20 30 20 0.693555
4 2 200 20 30 70 1.475508
5 2 100 20 30 20 0.098726
5 2 100 20 30 70 0.457752
5 2 100 20 60 20 0.367315
5 2 100 20 60 70 3.690402
5 2 150 20 100 20 32.484160
5 2 150 20 100 70 10.900606
5 2 150 20 30 20 3.700560
5 2 150 20 30 70 6.169894
5 2 200 20 120 20 491.751035
5 2 200 20 120 70 86.080694
5 2 200 20 30 20 2.796381
5 2 200 20 30 70 0.332566
