1 2 100 20 30 20 1.034413
1 2 100 20 30 70 7.119468
1 2 100 20 60 20 6.300329
1 2 100 20 60 70 1.532955
1 2 150 20 100 20 20.545029
1 2 150 20 100 70 128.352760
1 2 150 20 30 20 3.886741
1 2 150 20 30 70 27.057911
1 2 200 20 120 20 297.963493
1 2 200 20 120 70 190.055316
1 2 200 20 30 20 45.454765
1 2 200 20 30 70 1672.955107
2 2 100 20 30 20 4.758869
2 2 100 20 30 70 10.416381
2 2 100 20 60 20 8.086285
2 2 100 20 60 70 7.114015
2 2 150 20 100 20 37.608740
2 2 150 20 100 70 5.401225
2 2 150 20 30 20 17.009329
2 2 150 20 30 70 24.045327
2 2 200 20 120 20 1099.641366
2 2 200 20 120 70 334.399841
2 2 200 20 30 20 50.786568
2 2 200 20 30 70 13.186467
3 2 100 20 30 20 6.097026
3 2 100 20 30 70 9.969315
3 2 100 20 60 20 1.562987
3 2 100 20 60 70 1.317771
3 2 150 20 100 20 7.168746
3 2 150 20 100 70 56.607627
3 2 150 20 30 20 19.181693
3 2 150 20 30 70 5.266790
3 2 200 20 120 20 24.090006
3 2 200 20 120 70 40.911841
3 2 200 20 30 20 80.409843
3 2 200 20 30 70 77.367438
4 2 100 20 30 20 3.639454
4 2 100 20 30 70 1.918276
4 2 100 20 60 20 5.129286
4 2 100 20 60 70 2.270773
4 2 150 20 100 20 27.222395
4 2 150 20 100 70 146.186552
4 2 150 20 30 20 15.825506
4 2 150 20 30 70 25.096975
4 2 200 20 120 20 46.114221
4 2 200 20 120 70 61.040070
4 2 200 20 30 20 40.275605
4 2 200 20 30 70 17.135161
5 2 100 20 30 20 0.909724
5 2 100 20 30 70 5.262484
5 2 100 20 60 20 1.365423
5 2 100 20 60 70 10.938145
5 2 150 20 100 20 56.235555
5 2 150 20 100 70 16.113139
5 2 150 20 30 20 22.193009
5 2 150 20 30 70 30.861525
5 2 200 20 120 20 505.620478
5 2 200 20 120 70 173.964995
5 2 200 20 30 20 51.100333
5 2 200 20 30 70 14.729349
